MEMORY
  total            14.6 MB
  struct          159.0 KB
  buffer          432.0 KB
  arena            14.0 MB, used 0.3%

SIZES
  narena                14680064
  nbuffer               442336
  nplugin               0
  maxuse_stack          9560
  maxuse_arena          39376
  maxuse_con            8
  maxuse_efc            44
  solver_nisland        1
  ncon                  4
  ne                    0
  nf                    12
  nl                    8
  nefc                  38
  nJ                    684
  nA                    0
  nisland               0
  threadpool            0

TIMER
    0:  duration =  0.37       number = 8
    1:  duration =  0.36       number = 8
    2:  duration =  0          number = 0
    3:  duration =  0.29       number = 8
    4:  duration =  0.011      number = 8
    5:  duration =  0.0028     number = 8
    6:  duration =  0.045      number = 8
    7:  duration =  0.0056     number = 8
    8:  duration =  0.061      number = 8
    9:  duration =  0.018      number = 16
    10:  duration =  0.18       number = 8
    11:  duration =  0.024      number = 8
    12:  duration =  0.00027    number = 8
    13:  duration =  0.028      number = 8
    14:  duration =  0.082      number = 8

SOLVER STAT
  solver_nisland = 1
  solver_fwdinv =   0         0       
  ISLAND 0
    solver_niter = 1
    solver_nnz = 324
      0:  improvement =  0           gradient =  2.4e-16     lineslope =  9.5e-28 
          nactive = 38   nchange = 0   neval = 2   nupdate = 0

ENERGY =   0         0       

TIME =  72      

QPOS
  -0.33    
   0.45    
   0.082   
   0.17    
   0.061   
   0.035   
   0.98    
  -0.97    
  -1.6     
  -2.7     
  -1       
   0.68    
  -1.7     
   0.78    
  -0.52    
  -0.83    
  -1.1     
   4.5     
  -0.8     

QVEL
   7.4e-06 
   2.2e-05 
  -8.2e-06 
  -5.7e-05 
   2.3e-05 
  -0.00014 
   0.00063 
   1.4e-07 
  -2.2e-07 
  -5.2e-07 
  -0.00039 
   0.00017 
   0.00011 
   3.7e-06 
   6.6e-06 
  -2.6e-08 
  -1.2e-08 
   6.9e-09 

QACC_WARMSTART
   3e-08   
   1.5e-07 
  -6.1e-08 
   2.1e-07 
   3.5e-07 
  -7e-07   
   2.9e-06 
   6.1e-09 
  -5.4e-09 
  -1.8e-09 
  -4.3e-08 
  -2e-06   
   1.5e-07 
  -1.3e-08 
   3.1e-08 
   3e-09   
  -1.2e-10 
  -2.3e-10 

CTRL
  -1.6     
  -0.088   
   1.7     
   0.11    
  -0.87    
  -1.2     
  -5.5     
   5.1     
   23      
  -1.5     
  -0.95    
   5       

QFRC_APPLIED
   0       
   0       
   0       
   0       
   0       
   0       
   0       
   0       
   0       
   0       
   0       
   0       
   0       
   0       
   0       
   0       
   0       
   0       

XFRC_APPLIED
   0         0         0         0         0         0       
   0         0         0         0         0         0       
   0         0         0         0         0         0       
   0         0         0         0         0         0       
   0         0         0         0         0         0       
   0         0         0         0         0         0       
   0         0         0         0         0         0       
   0         0         0         0         0         0       
   0         0         0         0         0         0       
   0         0         0         0         0         0       
   0         0         0         0         0         0       
   0         0         0         0         0         0       
   0         0         0         0         0         0       
   0         0         0         0         0         0       
   0         0         0         0         0         0       
   0         0         0         0         0         0       
   0         0         0         0         0         0       
   0         0         0         0         0         0       

QACC
   3e-08   
   1.5e-07 
  -6.1e-08 
   2.1e-07 
   3.5e-07 
  -7e-07   
   2.9e-06 
   6.1e-09 
  -5.4e-09 
  -1.8e-09 
  -4.3e-08 
  -2e-06   
   1.5e-07 
  -1.3e-08 
   3.1e-08 
   3e-09   
  -1.2e-10 
  -2.3e-10 

SENSOR
  -1       
   0.68    
  -1.7     
  -0.97    
  -1.6     
  -2.7     
  -1.1     
   4.5     
  -0.8     
   0.78    
  -0.52    
  -0.83    
  -5.2e-07 
  -0.00039 
   0.00017 
   0.00063 
   1.4e-07 
  -2.2e-07 
  -2.6e-08 
  -1.2e-08 
   6.9e-09 
   0.00011 
   3.7e-06 
   6.6e-06 
  -1.6     
  -0.088   
   1.7     
   0.11    
  -0.87    
  -1.2     
  -5.5     
   5.1     
   23      
  -1.5     
  -0.95    
   5       
   0.17    
   0.061   
   0.035   
   0.98    
  -5.7e-05 
   2.3e-05 
  -0.00014 
   1.1     
   0.88    
   9.7     
  -0.3     
   0.45    
   0.12    
   4.6e-06 
   1.7e-05 
  -6.9e-06 

XPOS
   0         0         0       
  -0.33      0.45      0.082   
  -0.52      0.48      0.11    
  -0.55      0.42      0.034   
  -0.75      0.49      0.057   
  -0.59      0.36      0.091   
  -0.49      0.56      0.098   
  -0.47      0.61      0.18    
  -0.3       0.7       0.067   
  -0.45      0.85      0.023   
  -0.16      0.35      0.065   
  -0.18      0.28      0.14    
  -0.34      0.19      0.031   
  -0.54      0.23      0.024   
  -0.13      0.43      0.057   
  -0.1       0.48      0.13    
  -0.31      0.52      0.18    
  -0.46      0.43      0.29    

XQUAT
   1         0         0         0       
   0.17      0.061     0.035     0.98    
   0.18     -0.025    -0.43      0.89    
  -0.17      0.61     -0.43      0.64    
  -0.45      0.76      0.081    -0.46    
  -0.45      0.76      0.081    -0.46    
   0.18     -0.033    -0.46      0.87    
   0.32     -0.32     -0.38      0.81    
  -0.071     0.4      -0.49      0.77    
  -0.071     0.4      -0.49      0.77    
   0.14      0.12      0.41      0.9     
   0.24      0.35      0.36      0.83    
   0.36      0.66      0.23      0.62    
   0.36      0.66      0.23      0.62    
   0.18     -0.033    -0.46      0.87    
   0.24     -0.64      0.43     -0.58    
   0.39     -0.82      0.31     -0.29    
   0.39     -0.82      0.31     -0.29    

XMAT
   1         0         0         0         1         0         0         0         1       
  -0.93     -0.33      0.13      0.34     -0.94      0.048     0.11      0.089     0.99    
  -0.93     -0.3      -0.2       0.34     -0.57     -0.74      0.11     -0.76      0.64    
  -0.2      -0.3       0.93     -0.74     -0.57     -0.34      0.64     -0.76     -0.11    
   0.56     -0.3      -0.77      0.54     -0.57      0.61     -0.63     -0.76     -0.16    
   0.56     -0.3      -0.77      0.54     -0.57      0.61     -0.63     -0.76     -0.16    
  -0.93     -0.28     -0.22      0.34     -0.51     -0.79      0.11     -0.81      0.57    
  -0.59     -0.28     -0.76      0.76     -0.51     -0.4      -0.27     -0.81      0.51    
  -0.67     -0.28      0.68     -0.5      -0.51     -0.7       0.54     -0.81      0.2     
  -0.67     -0.28      0.68     -0.5      -0.51     -0.7       0.54     -0.81      0.2     
  -0.93     -0.14      0.33      0.34     -0.64      0.69      0.11      0.76      0.64    
  -0.64     -0.14      0.75      0.64     -0.64      0.43      0.42      0.76      0.5     
   0.12     -0.14      0.98      0.75     -0.64     -0.18      0.65      0.76      0.032   
   0.12     -0.14      0.98      0.75     -0.64     -0.18      0.65      0.76      0.032   
  -0.93     -0.28     -0.22      0.34     -0.51     -0.79      0.11     -0.81      0.57    
  -0.06     -0.28      0.96     -0.84     -0.51     -0.2       0.54     -0.81     -0.2     
   0.65     -0.28      0.71     -0.73     -0.51      0.46      0.23     -0.81     -0.53    
   0.65     -0.28      0.71     -0.73     -0.51      0.46      0.23     -0.81     -0.53    

XIPOS
   0         0         0       
  -0.35      0.46      0.079   
  -0.52      0.47      0.1     
  -0.57      0.45      0.052   
  -0.64      0.41      0.076   
  -0.42      0.23      0.12    
  -0.49      0.56      0.099   
  -0.44      0.61      0.14    
  -0.41      0.79      0.041   
  -0.6       1        -0.02    
  -0.17      0.35      0.067   
  -0.19      0.28      0.1     
  -0.47      0.22      0.03    
  -0.75      0.27      0.017   
  -0.14      0.44      0.059   
  -0.14      0.48      0.12    
  -0.4       0.45      0.25    
  -0.61      0.33      0.4     

XIMAT
   1         0         0         0         1         0         0         0         1       
   0.12      0.33     -0.94      0.057     0.94      0.34      0.99     -0.093     0.09    
  -0.29     -0.21     -0.93     -0.57     -0.74      0.34     -0.77      0.63      0.096   
  -0.23      0.18      0.96     -0.86      0.43     -0.29     -0.46     -0.89      0.056   
  -0.3      -0.56     -0.77     -0.56     -0.55      0.61     -0.77      0.62     -0.15    
   0.56     -0.3      -0.77      0.54     -0.57      0.61     -0.63     -0.76     -0.16    
  -0.29     -0.23     -0.93     -0.51     -0.78      0.35     -0.81      0.58      0.11    
   0.072     0.56     -0.83     -0.71     -0.55     -0.43     -0.7       0.62      0.36    
  -0.28      0.67      0.68     -0.5       0.51     -0.7      -0.82     -0.54      0.19    
  -0.67     -0.28      0.68     -0.5      -0.51     -0.7       0.54     -0.81      0.2     
  -0.15      0.33     -0.93     -0.64      0.69      0.35      0.76      0.65      0.11    
  -0.29      0.63      0.72     -0.27     -0.78      0.57      0.92     -0.036     0.4     
  -0.13     -0.13      0.98     -0.63     -0.76     -0.18      0.77     -0.64      0.023   
   0.12     -0.14      0.98      0.75     -0.64     -0.18      0.65      0.76      0.032   
  -0.27     -0.21     -0.94     -0.51     -0.79      0.33     -0.81      0.57      0.11    
  -0.35      0.27      0.89     -0.11      0.94     -0.33     -0.93     -0.22     -0.3     
  -0.29     -0.65      0.7      -0.51      0.73      0.46     -0.81     -0.22     -0.54    
   0.65     -0.28      0.71     -0.73     -0.51      0.46      0.23     -0.81     -0.53    

XANCHOR
  -0.33      0.45      0.082   
  -0.52      0.48      0.11    
  -0.55      0.42      0.034   
  -0.75      0.49      0.057   
  -0.49      0.56      0.098   
  -0.47      0.61      0.18    
  -0.3       0.7       0.067   
  -0.16      0.35      0.065   
  -0.18      0.28      0.14    
  -0.34      0.19      0.031   
  -0.13      0.43      0.057   
  -0.1       0.48      0.13    
  -0.31      0.52      0.18    

XAXIS
   0         0         1       
  -0.93      0.34      0.11    
  -0.3      -0.57     -0.76    
  -0.3      -0.57     -0.76    
  -0.93      0.34      0.11    
  -0.28     -0.51     -0.81    
  -0.28     -0.51     -0.81    
  -0.93      0.34      0.11    
  -0.14     -0.64      0.76    
  -0.14     -0.64      0.76    
  -0.93      0.34      0.11    
  -0.28     -0.51     -0.81    
  -0.28     -0.51     -0.81    

GEOM_XPOS
   0         0         0       
   1.5       0         0.1     
   1.5       0         0.25    
   2         2         0.5     
   1.2       4         0.075   
   1.4       4         0.22    
   1.6       4         0.38    
   1.8       4         0.53    
   2         4         0.68    
   2.2       4         0.83    
   2.4       4         0.98    
   2.6       4         1.1     
   2.8       4         1.3     
   3         4         1.4     
   1.2       6         0.075   
   1.4       6         0.22    
   1.6       6         0.38    
   1.8       6         0.53    
   2         6         0.68    
   2.2       6         0.83    
   2.4       6         0.98    
   2.6       6         1.1     
   2.8       6         1.3     
   3         6         1.4     
  -2.3       5.2      -0.25    
  -2.3       5.4      -0.25    
  -2.3       5.6      -0.25    
  -2.3       5.8      -0.25    
  -2.3       6        -0.25    
  -2.3       6.2      -0.25    
  -2.3       6.4      -0.25    
  -2.3       6.6      -0.25    
  -2.1       5.2      -0.25    
  -2.1       5.4      -0.25    
  -2.1       5.6      -0.25    
  -2.1       5.7      -0.25    
  -2.1       5.9      -0.25    
  -2.1       6.1      -0.25    
  -2.1       6.3      -0.25    
  -2.1       6.5      -0.25    
  -1.9       5.2      -0.25    
  -1.9       5.5      -0.25    
  -1.9       5.7      -0.25    
  -1.9       6        -0.25    
  -1.9       6.2      -0.25    
  -1.9       6.4      -0.25    
  -1.9       6.6      -0.25    
  -1.9       6.9      -0.25    
  -1.7       5.2      -0.25    
  -1.7       5.4      -0.25    
  -1.7       5.6      -0.25    
  -1.7       5.7      -0.25    
  -1.7       5.9      -0.25    
  -1.7       6.2      -0.25    
  -1.7       6.4      -0.25    
  -1.7       6.6      -0.25    
  -1.5       5.2      -0.25    
  -1.5       5.5      -0.25    
  -1.5       5.7      -0.25    
  -1.5       5.8      -0.25    
  -1.5       6        -0.25    
  -1.5       6.2      -0.25    
  -1.5       6.4      -0.25    
  -1.5       6.7      -0.25    
  -1.3       5.2      -0.25    
  -1.3       5.4      -0.25    
  -1.3       5.6      -0.25    
  -1.3       5.8      -0.25    
  -1.3       6.1      -0.25    
  -1.3       6.3      -0.25    
  -1.3       6.5      -0.25    
  -1.3       6.7      -0.25    
  -1.1       5.2      -0.25    
  -1.1       5.4      -0.25    
  -1.1       5.6      -0.25    
  -1.1       5.8      -0.25    
  -1.1       6        -0.25    
  -1.1       6.2      -0.25    
  -1.1       6.4      -0.25    
  -1.1       6.6      -0.25    
  -0.92      5.2      -0.25    
  -0.92      5.5      -0.25    
  -0.92      5.7      -0.25    
  -0.92      5.8      -0.25    
  -0.92      6        -0.25    
  -0.92      6.2      -0.25    
  -0.92      6.4      -0.25    
  -0.92      6.6      -0.25    
  -0.69      5.2      -0.25    
  -0.69      5.5      -0.25    
  -0.69      5.7      -0.25    
  -0.69      5.9      -0.25    
  -0.69      6        -0.25    
  -0.69      6.3      -0.25    
  -0.69      6.5      -0.25    
  -0.69      6.7      -0.25    
  -0.5       5.2      -0.25    
  -0.5       5.4      -0.25    
  -0.5       5.6      -0.25    
  -0.5       5.8      -0.25    
  -0.5       6        -0.25    
  -0.5       6.2      -0.25    
  -0.5       6.4      -0.25    
  -0.5       6.6      -0.25    
  -1.5       4         0       
  -1.5       2         0       
  -0.61      0.55      0.052   
  -0.61      0.55      0.055   
  -0.63      0.57      0.15    
  -0.38      0.47      0.12    
  -0.4       0.48      0.089   
  -0.33      0.45      0.082   
  -0.59      0.55      0.12    
  -0.61      0.55      0.054   
  -0.5       0.47      0.11    
  -0.51      0.47      0.097   
  -0.55      0.43      0.046   
  -0.58      0.45      0.048   
  -0.53      0.43      0.046   
  -0.65      0.46      0.045   
  -0.65      0.42      0.072   
  -0.58      0.36      0.095   
  -0.7       0.46      0.061   
  -0.62      0.41      0.068   
  -0.58      0.36      0.095   
  -0.59      0.36      0.092   
  -0.48      0.56      0.093   
  -0.47      0.56      0.1     
  -0.47      0.61      0.16    
  -0.44      0.62      0.14    
  -0.48      0.59      0.16    
  -0.38      0.66      0.12    
  -0.4       0.78      0.045   
  -0.45      0.85      0.02    
  -0.35      0.74      0.06    
  -0.42      0.79      0.048   
  -0.45      0.85      0.019   
  -0.45      0.85      0.022   
  -0.18      0.35      0.064   
  -0.18      0.34      0.074   
  -0.17      0.29      0.13    
  -0.2       0.27      0.1     
  -0.16      0.3       0.12    
  -0.26      0.24      0.084   
  -0.46      0.22      0.031   
  -0.55      0.23      0.02    
  -0.39      0.21      0.035   
  -0.48      0.24      0.039   
  -0.55      0.23      0.02    
  -0.54      0.23      0.022   
  -0.15      0.44      0.055   
  -0.14      0.44      0.066   
  -0.11      0.47      0.12    
  -0.15      0.48      0.13    
  -0.1       0.47      0.11    
  -0.21      0.5       0.16    
  -0.39      0.46      0.25    
  -0.47      0.43      0.29    
  -0.34      0.49      0.21    
  -0.4       0.44      0.26    
  -0.47      0.43      0.29    
  -0.46      0.43      0.29    

GEOM_XMAT
   1         0         0         0         1         0         0         0         1       
   1         0         0         0         1         0         0         0         1       
   1         0         0         0         1         0         0         0         1       
   0.88     -0        -0.48      0         1        -0         0.48      0         0.88    
   1         0         0         0         1         0         0         0         1       
   1         0         0         0         1         0         0         0         1       
   1         0         0         0         1         0         0         0         1       
   1         0         0         0         1         0         0         0         1       
   1         0         0         0         1         0         0         0         1       
   1         0         0         0         1         0         0         0         1       
   1         0         0         0         1         0         0         0         1       
   1         0         0         0         1         0         0         0         1       
   1         0         0         0         1         0         0         0         1       
   1         0         0         0         1         0         0         0         1       
   1         0         0         0         1         0         0         0         1       
   1         0         0         0         1         0         0         0         1       
   1         0         0         0         1         0         0         0         1       
   1         0         0         0         1         0         0         0         1       
   1         0         0         0         1         0         0         0         1       
   1         0         0         0         1         0         0         0         1       
   1         0         0         0         1         0         0         0         1       
   1         0         0         0         1         0         0         0         1       
   1         0         0         0         1         0         0         0         1       
   1         0         0         0         1         0         0         0         1       
   0.99      0.086     0.1      -0.1       0.98      0.17     -0.083    -0.18      0.98    
   0.98     -0.18      0.017     0.18      0.98     -0.085    -0.00099   0.086     1       
   0.98     -0.19      0.0032    0.19      0.97     -0.14      0.024     0.14      0.99    
   1         0.098     0.0066   -0.095     0.98     -0.19     -0.025     0.19      0.98    
   0.99     -0.13     -0.078     0.13      0.99      0.077     0.067    -0.087     0.99    
   0.99      0.13      0.045    -0.13      0.98      0.17     -0.022    -0.18      0.98    
   0.99     -0.13     -0.085     0.13      0.99     -0.092     0.096     0.08      0.99    
   0.99      0.02     -0.11     -0.031     1        -0.088     0.11      0.09      0.99    
   0.97     -0.15      0.2       0.16      0.99     -0.047    -0.19      0.078     0.98    
   0.99     -0.08      0.12      0.077     1         0.031    -0.13     -0.021     0.99    
   1        -0.0078    0.049     0.015     0.99     -0.16     -0.047     0.16      0.99    
   0.99     -0.065     0.13      0.075     0.99     -0.077    -0.12      0.086     0.99    
   0.98     -0.14     -0.12      0.13      0.98     -0.14      0.14      0.12      0.98    
   0.99      0.0035    0.15      0.008     1        -0.078    -0.15      0.078     0.99    
   0.99     -0.091    -0.11      0.11      0.98      0.18      0.094    -0.19      0.98    
   1        -0.04     -0.025     0.036     0.99     -0.12      0.029     0.12      0.99    
   0.97      0.18      0.15     -0.15      0.97     -0.22     -0.19      0.19      0.96    
   0.98     -0.16     -0.054     0.16      0.99     -0.056     0.063     0.046     1       
   0.97      0.17     -0.15     -0.14      0.97      0.19      0.17     -0.16      0.97    
   0.99     -0.046    -0.15      0.029     0.99     -0.11      0.16      0.11      0.98    
   0.99     -0.029    -0.11      0.031     1         0.021     0.11     -0.025     0.99    
   0.99     -0.0079   -0.16      0.0092    1         0.0072    0.16     -0.0086    0.99    
   0.98      0.2      -0.022    -0.2       0.98      0.079     0.037    -0.074     1       
   0.97     -0.18      0.15      0.17      0.98      0.11     -0.17     -0.078     0.98    
   1         0.0024   -0.041    -0.0022    1         0.0066    0.041    -0.0065    1       
   0.99      0.12     -0.037    -0.12      0.98     -0.15      0.019     0.15      0.99    
   0.98      0.12     -0.17     -0.13      0.99     -0.09      0.15      0.11      0.98    
   0.99     -0.091     0.12      0.11      0.98     -0.15     -0.11      0.16      0.98    
   0.99      0.11     -0.066    -0.11      0.99     -0.039     0.062     0.046     1       
   0.99      0.071    -0.14     -0.085     0.99     -0.097     0.14      0.11      0.98    
   0.98      0.053    -0.19     -0.081     0.99     -0.14      0.18      0.16      0.97    
   0.98      0.18     -0.1      -0.16      0.96      0.21      0.14     -0.19      0.97    
   1         0.01      0.091    -0.016     1         0.058    -0.091    -0.06      0.99    
   0.98      0.038    -0.18     -0.013     0.99      0.14      0.18     -0.14      0.97    
   0.98     -0.13      0.14      0.14      0.99     -0.093    -0.13      0.11      0.99    
   1        -0.0033    0.064     0.009     1        -0.089    -0.064     0.09      0.99    
   1        -0.055    -0.062     0.052     1        -0.051     0.065     0.047     1       
   0.97     -0.14      0.21      0.17      0.97     -0.15     -0.18      0.18      0.97    
   1        -0.079    -0.045     0.07      0.98     -0.16      0.057     0.16      0.99    
   0.99      0.031    -0.097    -0.041     0.99     -0.1       0.093     0.11      0.99    
   1         0.0076   -0.012    -0.0086    1        -0.088     0.011     0.088     1       
   0.99      0.13     -0.00098  -0.13      0.99      0.072     0.01     -0.071     1       
   0.99      0.036     0.13     -0.013     0.98     -0.18     -0.13      0.18      0.97    
   0.97      0.17     -0.19     -0.16      0.99      0.068     0.2      -0.037     0.98    
   1        -0.017     0.078     0.0026    0.98      0.18     -0.08     -0.18      0.98    
   0.99     -0.012     0.099     0.011     1         0.013    -0.099    -0.011     0.99    
   1         0.073    -0.04     -0.075     1        -0.034     0.038     0.037     1       
   0.99      0.0081    0.11      0.00026   1        -0.073    -0.11      0.073     0.99    
   0.99      0.088    -0.047    -0.083     0.99      0.097     0.055    -0.092     0.99    
   0.99      0.065    -0.099    -0.082     0.98     -0.18      0.085     0.18      0.98    
   0.99     -0.12     -0.11      0.12      0.99     -0.018     0.11      0.005     0.99    
   0.98     -0.13      0.17      0.15      0.98     -0.12     -0.15      0.14      0.98    
   1        -0.014    -0.069     0.019     1         0.073     0.068    -0.074     0.99    
   0.98     -0.14     -0.13      0.13      0.99     -0.044     0.13      0.026     0.99    
   1         0.025     0.072    -0.012     0.98     -0.18     -0.076     0.18      0.98    
   0.99      0.16      0.028    -0.16      0.98     -0.13     -0.048     0.12      0.99    
   1         0.079     0.027    -0.073     0.98     -0.17     -0.041     0.17      0.98    
   0.97      0.18     -0.15     -0.17      0.98      0.059     0.15     -0.033     0.99    
   0.99      0.083    -0.065    -0.092     0.98     -0.16      0.051     0.16      0.99    
   0.98      0.068    -0.19     -0.082     0.99     -0.066     0.18      0.08      0.98    
   0.98     -0.18      0.018     0.18      0.97      0.14     -0.043    -0.13      0.99    
   0.99     -0.12     -0.0021    0.12      0.99      0.033    -0.0019   -0.033     1       
   0.98      0.13      0.12     -0.11      0.98     -0.18     -0.14      0.16      0.98    
   1        -0.01     -0.017     0.01      1        -0.00066   0.017     0.00048   1       
   0.98      0.09      0.17     -0.093     1         0.011    -0.17     -0.027     0.98    
   0.98      0.096    -0.2      -0.09      1         0.042     0.2      -0.023     0.98    
   0.98      0.18      0.1      -0.19      0.98      0.084    -0.086    -0.1       0.99    
   0.97      0.19     -0.14     -0.18      0.98      0.055     0.15     -0.028     0.99    
   0.98     -0.18      0.047     0.19      0.98     -0.11     -0.025     0.12      0.99    
   0.99     -0.012     0.11      2.9e-05   0.99      0.11     -0.11     -0.11      0.99    
   0.99      0.077     0.077    -0.074     1        -0.041    -0.079     0.035     1       
   0.99      0.065     0.12     -0.065     1        -0.0035   -0.12     -0.0042    0.99    
   0.98     -0.013     0.19     -0.017     0.99      0.15     -0.19     -0.15      0.97    
   0.98     -0.14      0.13      0.14      0.99     -0.033    -0.13      0.051     0.99    
   0.99      0.11      0.022    -0.11      0.99      0.014    -0.021    -0.016     1       
   0.99     -0.022    -0.14      0.009     1        -0.093     0.14      0.091     0.99    
   0.97      0.15      0.17     -0.13      0.99     -0.096    -0.18      0.071     0.98    
   1         0.023     0.074    -0.018     1        -0.065    -0.075     0.063     1       
   0.98     -0.016    -0.2       0.036     0.99      0.097     0.19     -0.1       0.98    
   0.99     -0.13     -0.083     0.14      0.99      0.096     0.07     -0.11      0.99    
   1         0         0         0         1         0         0         0         1       
   0.0008    1         0        -1         0.0008   -0        -0         0         1       
   0.37      0.87      0.33     -0.04     -0.34      0.94      0.93     -0.36     -0.091   
   0.37      0.87      0.33     -0.041    -0.34      0.94      0.93     -0.36     -0.09    
  -0.93     -0.33      0.18      0.34     -0.94      0.032     0.15      0.089     0.98    
   0.14      0.32     -0.94      0.036     0.94      0.33      0.99     -0.08      0.12    
   0.18      0.33     -0.93      0.044     0.94      0.35      0.98     -0.1       0.15    
  -0.93     -0.33      0.13      0.34     -0.94      0.048     0.11      0.089     0.99    
  -0.93     -0.33      0.13      0.34     -0.94      0.048     0.11      0.089     0.99    
  -0.93     -0.33      0.13      0.34     -0.94      0.048     0.11      0.089     0.99    
  -0.35     -0.2      -0.92     -0.55     -0.74      0.37     -0.76      0.64      0.15    
   0.06     -0.2      -0.98     -0.66     -0.74      0.11     -0.75      0.64     -0.18    
  -0.93     -0.2       0.3       0.34     -0.74      0.57      0.11      0.64      0.76    
  -0.2       0.24      0.95     -0.7       0.65     -0.3      -0.69     -0.72      0.036   
   0.9      -0.36     -0.24      0.4       0.91      0.14      0.16     -0.22      0.96    
  -0.93     -0.3      -0.2       0.34     -0.57     -0.74      0.11     -0.76      0.64    
  -0.31     -0.52     -0.8      -0.58     -0.56      0.59     -0.75      0.65     -0.13    
  -0.36      0.3       0.88      0.81      0.57      0.13     -0.47      0.76     -0.45    
   0.38     -0.3      -0.87      0.66     -0.57      0.49     -0.65     -0.76     -0.025   
   0.6      -0.3      -0.75      0.51     -0.57      0.64     -0.62     -0.76     -0.19    
  -0.36      0.3       0.89      0.81      0.57      0.13     -0.47      0.76     -0.45    
   0.56     -0.3      -0.77      0.54     -0.57      0.61     -0.63     -0.76     -0.16    
   0.23      0.22     -0.95      0.53      0.79      0.31      0.82     -0.57      0.067   
   0.6       0.22     -0.77      0.35      0.79      0.5       0.72     -0.57      0.4     
  -0.93     -0.22      0.28      0.34     -0.79      0.51      0.11      0.57      0.81    
  -0.11      0.56     -0.82     -0.54     -0.73     -0.42     -0.84      0.4       0.38    
  -0.48      0.84      0.25     -0.88     -0.44     -0.19     -0.052    -0.31      0.95    
   0.76     -0.28     -0.59      0.4      -0.51      0.76     -0.51     -0.81     -0.27    
  -0.29      0.64      0.71     -0.52      0.52     -0.68     -0.8      -0.57      0.18    
   0.22      0.28     -0.93     -0.86      0.51     -0.05      0.46      0.81      0.35    
  -0.52     -0.28      0.8      -0.63     -0.51     -0.59      0.57     -0.81      0.091   
  -0.71     -0.28      0.65     -0.46     -0.51     -0.72      0.53     -0.81      0.23    
   0.22      0.28     -0.93     -0.86      0.51     -0.05      0.46      0.81      0.35    
  -0.67     -0.28      0.68     -0.5      -0.51     -0.7       0.54     -0.81      0.2     
  -0.094    -0.32      0.94     -0.65     -0.69     -0.3       0.75     -0.64     -0.15    
  -0.47     -0.33      0.82     -0.47     -0.69     -0.55      0.75     -0.64      0.17    
  -0.93      0.33      0.14      0.34      0.69      0.64      0.11      0.64     -0.76    
  -0.12      0.68      0.72     -0.5      -0.67      0.55      0.86     -0.29      0.42    
   0.85      0.05     -0.53      0.45     -0.59      0.67     -0.28     -0.81     -0.52    
  -0.75     -0.14     -0.64     -0.43     -0.64      0.64     -0.5       0.76      0.42    
  -0.14     -0.16      0.98     -0.65     -0.73     -0.21      0.75     -0.66      0.0035  
   0.9       0.14     -0.42      0.24      0.64      0.73      0.37     -0.76      0.53    
   0.31     -0.14      0.94      0.7      -0.64     -0.33      0.64      0.76     -0.098   
   0.07     -0.14      0.99      0.76     -0.64     -0.15      0.65      0.76      0.064   
   0.9       0.14     -0.42      0.24      0.64      0.73      0.37     -0.76      0.53    
   0.12     -0.14      0.98      0.75     -0.64     -0.18      0.65      0.76      0.032   
   0.33     -0.22      0.92      0.49     -0.79     -0.36      0.81      0.57     -0.15    
  -0.077    -0.22      0.97      0.6      -0.79     -0.13      0.8       0.57      0.19    
  -0.93     -0.22      0.28      0.34     -0.79      0.51      0.11      0.57      0.81    
  -0.39      0.16      0.91     -0.38      0.87     -0.32     -0.84     -0.47     -0.28    
   0.51     -0.62      0.6      -0.15      0.62      0.77     -0.85     -0.48      0.23    
  -0.96     -0.28     -0.06      0.2      -0.51     -0.84      0.2      -0.81      0.54    
  -0.27     -0.68      0.68     -0.52      0.7       0.49     -0.81     -0.22     -0.54    
   0.95      0.28      0.17      0.0039    0.51     -0.86     -0.33      0.81      0.48    
   0.77     -0.28      0.57     -0.62     -0.51      0.6       0.12     -0.81     -0.57    
   0.61     -0.28      0.74     -0.75     -0.51      0.42      0.26     -0.81     -0.52    
   0.95      0.28      0.17      0.0035    0.51     -0.86     -0.33      0.81      0.48    
   0.65     -0.28      0.71     -0.73     -0.51      0.46      0.23     -0.81     -0.53    

SITE_XPOS
  -0.3       0.45      0.12    

SITE_XMAT
  -0.93     -0.33      0.13      0.34     -0.94      0.048     0.11      0.089     0.99    

LIGHT_XPOS
   0         0         1.5     

LIGHT_XDIR
   0         0        -1       

SUBTREE_COM
  -0.35      0.46      0.089   
  -0.35      0.46      0.089   
  -0.56      0.45      0.072   
  -0.59      0.44      0.056   
  -0.64      0.41      0.076   
  -0.42      0.23      0.12    
  -0.45      0.62      0.12    
  -0.44      0.64      0.12    
  -0.41      0.79      0.041   
  -0.6       1        -0.02    
  -0.22      0.3       0.082   
  -0.24      0.27      0.09    
  -0.47      0.22      0.03    
  -0.75      0.27      0.017   
  -0.17      0.46      0.12    
  -0.19      0.48      0.14    
  -0.4       0.45      0.25    
  -0.61      0.33      0.4     

CDOF
   0         0         0         1         0         0       
   0         0         0         0         1         0       
   0         0         0         0         0         1       
  -0.93      0.34      0.11      0.0018    0.0039    0.0035  
  -0.33     -0.94      0.089    -0.0068    0.00023  -0.023   
   0.13      0.048     0.99     -0.0041   -0.023     0.0017  
  -0.93      0.34      0.11     -0.0043    0.0017   -0.042   
  -0.3      -0.57     -0.76     -0.003    -0.14      0.1     
  -0.3      -0.57     -0.76     -0.045    -0.3       0.24    
  -0.93      0.34      0.11      0.008     0.0061    0.05    
  -0.28     -0.51     -0.81     -0.08     -0.12      0.1     
  -0.28     -0.51     -0.81     -0.21      0.043     0.044   
  -0.93      0.34      0.11     -0.0043    0.0017   -0.042   
  -0.14     -0.64      0.76     -0.1      -0.14     -0.14    
  -0.14     -0.64      0.76     -0.24     -0.0025   -0.047   
  -0.93      0.34      0.11      0.008     0.0061    0.05    
  -0.28     -0.51     -0.81      0.0055    0.19     -0.12    
  -0.28     -0.51     -0.81     -0.0073    0.0087   -0.0029  

CINERT
   0         0         0         0         0         0         0         0         0         0       
   0.034     0.09      0.11      0.024     0.0074   -0.0016    0.015     0.017    -0.068     6.9     
   0.00084   0.02      0.02      0.0018    0.0019   -3.9e-05  -0.11      0.01      0.011     0.68    
   0.003     0.065     0.064    -0.0013   -0.0097   -0.00032  -0.26     -0.012    -0.042     1.2     
   0.0012    0.021     0.022    -0.0026   -0.001    -3.1e-06  -0.069    -0.011    -0.003     0.24    
   0         0         0         0         0         0        -0        -0         0         0       
   0.008     0.013     0.021     0.0098    0.0011   -0.00065  -0.093     0.071     0.0073    0.68    
   0.033     0.019     0.043     0.015     0.0073   -0.0086   -0.11      0.18      0.062     1.2     
   0.028     0.0021    0.029     0.0052   -0.00082   0.004    -0.013     0.081    -0.011     0.24    
   0         0         0         0         0         0        -0         0        -0         0       
   0.0095    0.024     0.032     0.014     0.0026   -0.0018    0.12     -0.077    -0.015     0.68    
   0.04      0.032     0.069     0.03     -0.004     0.0017    0.18     -0.2       0.016     1.2     
   0.014     0.006     0.019    -0.0068   -0.0018   -0.0033   -0.03     -0.057    -0.014     0.24    
   0         0         0         0         0         0        -0        -0        -0         0       
   0.0015    0.032     0.032     0.0035    0.0044   -0.00036   0.15     -0.016    -0.02      0.68    
   0.0036    0.056     0.056    -0.0034   -0.0064   -0.0012    0.24      0.023     0.037     1.2     
   0.0074    0.0085    0.0018   -0.00053   0.0027    0.00058  -0.013    -0.0013    0.04      0.24    
   0         0         0         0         0         0        -0        -0         0         0       

ACTUATOR_LENGTH
  -1       
   0.68    
  -1.7     
  -0.97    
  -1.6     
  -2.7     
  -1.1     
   4.5     
  -0.8     
   0.78    
  -0.52    
  -0.83    

actuator_moment
--------------------
          x         |
           x        |
            x       |
       x            |
        x           |
         x          |
                x   |
                 x  |
                  x |
             x      |
              x     |
               x    |
--------------------

ACTUATOR_MOMENT
     9:  1       
    10:  1       
    11:  1       
     6:  1       
     7:  1       
     8:  1       
    15:  1       
    16:  1       
    17:  1       
    12:  1       
    13:  1       
    14:  1       

CRB
   0         0         0         0         0         0         0         0         0         0       
   0.18      0.39      0.52      0.088     0.0038   -0.012     3.3e-16  -3.3e-16  -2.2e-16   15      
   0.005     0.11      0.11     -0.0022   -0.0088   -0.00036  -0.44     -0.013    -0.034     2.1     
   0.0042    0.086     0.086    -0.0039   -0.011    -0.00032  -0.33     -0.023    -0.045     1.4     
   0.0012    0.021     0.022    -0.0026   -0.001    -3.1e-06  -0.069    -0.011    -0.003     0.24    
   0         0         0         0         0         0        -0        -0         0         0       
   0.069     0.034     0.093     0.03      0.0076   -0.0052   -0.22      0.33      0.058     2.1     
   0.061     0.021     0.072     0.02      0.0065   -0.0046   -0.12      0.26      0.05      1.4     
   0.028     0.0021    0.029     0.0052   -0.00082   0.004    -0.013     0.081    -0.011     0.24    
   0         0         0         0         0         0        -0         0        -0         0       
   0.063     0.062     0.12      0.037    -0.0031   -0.0034    0.27     -0.34     -0.013     2.1     
   0.054     0.038     0.087     0.023    -0.0058   -0.0016    0.15     -0.26      0.002     1.4     
   0.014     0.006     0.019    -0.0068   -0.0018   -0.0033   -0.03     -0.057    -0.014     0.24    
   0         0         0         0         0         0        -0        -0        -0         0       
   0.012     0.097     0.09     -0.00041   0.00074  -0.001     0.37      0.006     0.057     2.1     
   0.011     0.065     0.058    -0.0039   -0.0036   -0.00066   0.23      0.022     0.077     1.4     
   0.0074    0.0085    0.0018   -0.00053   0.0027    0.00058  -0.013    -0.0013    0.04      0.24    
   0         0         0         0         0         0        -0        -0         0         0       

QM
   15      
   0         15      
   0         0         15      
   0.028     0.06      0.054     0.16    
  -0.1       0.0036   -0.35      0.0035    0.43    
  -0.062    -0.35      0.025     0.03      0.017     0.52    
  -0.019    -0.076     0.075     0.014    -0.016     0.021     0.021   
   0.0037    0.045    -0.036    -0.0069    0.012    -0.019    -0.0054    0.021   
  -0.018    -0.019     0.022     0.0039   -0.0047    0.0042    0.003    -0.00045   0.016   
   0.00081   0.043    -0.13      0.033     0.021    -0.0092                                  0.037   
   0.071    -0.051     0.0076   -0.0034    0.0012   -0.022                                  -0.0027    0.032   
   0.022     0.018    -0.019     0.0035    0.0041   -0.011                                   0.0029    0.0051    0.016   
   0.023     0.021     0.13      0.032     0.011     0.0088                                                                0.035   
   0.055    -0.081    -0.057    -0.0096    0.008     0.023                                                                -0.0071    0.044   
  -0.0056   -0.025    -0.022    -0.0043    0.0028    0.0038                                                               -0.0032    0.011     0.016   
   0.035     0.11     -0.029     0.018    -0.0091    0.0073                                                                                              0.027   
  -0.014     0.098    -0.056     0.013     0.01     -0.0079                                                                                              0.01      0.044   
  -0.023     0.024    -0.0071    0.0021    0.0062   -0.0039                                                                                              0.0017    0.011     0.016   

QLD
     0:  15      
     0: -0.0022     1:  14      
     0: -0.0016     1:  0.031      2:  14      
     0:  0.062      1: -0.31       2:  0.23       3:  0.074   
     0: -0.3        1: -0.096      2: -0.58       3: -0.021      4:  0.39    
     0: -0.11       1: -0.55       2: -0.27       3:  0.027      4:  0.1        5:  0.45    
     0: -0.79       1: -3.2        2:  3.3        3:  0.61       4: -0.66       5:  0.81       6:  0.019   
     0:  0.16       1:  2.2        2: -1.7        3: -0.33       4:  0.56       5: -0.9        6: -0.26       7:  0.021   
     0: -1.1        1: -1.2        2:  1.3        3:  0.24       4: -0.29       5:  0.26       6:  0.19       7: -0.028      8:  0.016   
     0:  0.13       1:  0.93       2: -3.5        3:  0.88       4:  0.55       5: -0.27       9:  0.036   
     0:  2.1        1: -1.9        2:  0.45       3: -0.15       4: -0.0017     5: -0.61       9: -0.12      10:  0.03    
     0:  1.3        1:  1.1        2: -1.2        3:  0.22       4:  0.25       5: -0.67       9:  0.17      10:  0.31      11:  0.016   
     0:  0.88       1:  0.22       2:  3.6        3:  0.88       4:  0.36       5:  0.36      12:  0.034   
     0:  1.6        1: -1.8        2: -1.2        3: -0.18       4:  0.17       5:  0.57      12: -0.14      13:  0.036   
     0: -0.34       1: -1.6        2: -1.4        3: -0.26       4:  0.17       5:  0.23      12: -0.2       13:  0.67      14:  0.016   
     0:  1.5        1:  3.4        2: -0.65       3:  0.6        4: -0.46       5:  0.37      15:  0.024   
     0:  0.059      1:  2.2        2: -1.4        3:  0.31       4:  0.16       5: -0.14      15:  0.25      16:  0.036   
     0: -1.4        1:  1.5        2: -0.44       3:  0.13       4:  0.38       5: -0.24      15:  0.1       16:  0.68      17:  0.016   

QLDIAGINV
   0.068   
   0.072   
   0.073   
   14      
   2.6     
   2.2     
   53      
   48      
   61      
   28      
   33      
   61      
   29      
   28      
   61      
   41      
   28      
   61      

QH
     0:  15      
     0: -0.0021     1:  14      
     0: -0.0017     1:  0.031      2:  14      
     0:  0.065      1: -0.31       2:  0.23       3:  0.074   
     0: -0.3        1: -0.096      2: -0.58       3: -0.021      4:  0.39    
     0: -0.11       1: -0.56       2: -0.26       3:  0.027      4:  0.1        5:  0.45    
     0: -0.78       1: -3.2        2:  3.3        3:  0.6        4: -0.66       5:  0.8        6:  0.019   
     0:  0.15       1:  2.1        2: -1.7        3: -0.33       4:  0.56       5: -0.89       6: -0.25       7:  0.021   
     0: -1.1        1: -1.2        2:  1.3        3:  0.23       4: -0.29       5:  0.25       6:  0.18       7: -0.027      8:  0.017   
     0:  0.13       1:  0.93       2: -3.5        3:  0.87       4:  0.55       5: -0.26       9:  0.036   
     0:  2.1        1: -1.9        2:  0.44       3: -0.15       4: -0.0012     5: -0.61       9: -0.12      10:  0.03    
     0:  1.3        1:  1.1        2: -1.1        3:  0.21       4:  0.25       5: -0.66       9:  0.17      10:  0.31      11:  0.017   
     0:  0.88       1:  0.22       2:  3.6        3:  0.88       4:  0.36       5:  0.36      12:  0.034   
     0:  1.6        1: -1.7        2: -1.2        3: -0.18       4:  0.17       5:  0.57      12: -0.14      13:  0.037   
     0: -0.34       1: -1.5        2: -1.3        3: -0.26       4:  0.17       5:  0.23      12: -0.19      13:  0.66      14:  0.017   
     0:  1.5        1:  3.4        2: -0.65       3:  0.6        4: -0.45       5:  0.36      15:  0.025   
     0:  0.053      1:  2.2        2: -1.4        3:  0.3        4:  0.16       5: -0.14      15:  0.24      16:  0.037   
     0: -1.4        1:  1.5        2: -0.43       3:  0.13       4:  0.38       5: -0.24      15:  0.1       16:  0.67      17:  0.017   

QHDIAGINV
   0.068   
   0.072   
   0.073   
   13      
   2.6     
   2.2     
   52      
   48      
   61      
   28      
   33      
   61      
   29      
   27      
   61      
   41      
   27      
   61      

B: body-dof matrix
--------------------
 xxxxxxxxxxxxxxxxxx |
 xxxxxxxxxxxxxxxxxx |
 xxxxxxxxx          |
 xxxxxxxxx          |
 xxxxxxxxx          |
 xxxxxxxxx          |
 xxxxxx   xxx       |
 xxxxxx   xxx       |
 xxxxxx   xxx       |
 xxxxxx   xxx       |
 xxxxxx      xxx    |
 xxxxxx      xxx    |
 xxxxxx      xxx    |
 xxxxxx      xxx    |
 xxxxxx         xxx |
 xxxxxx         xxx |
 xxxxxx         xxx |
 xxxxxx         xxx |
--------------------

B_rownnz              18 18 9 9 9 9 9 9 9 9 9 9 9 9 9 9 9 9

B_rowadr              0 18 36 45 54 63 72 81 90 99 108 117 126 135 144 153 162 171

B_colind              0 1 2 3 4 5 6 7 8 9 10 11 12 13 14 15 16 17 0 1 2 3 4 5 6 7 8 9 10 11 12 13 14 15 16 17 0 1 2 3 4 5 6 7 8 0 1 2 3 4 5 6 7 8 0 1 2 3 4 5 6 7 8 0 1 2 3 4 5 6 7 8 0 1 2 3 4 5 9 10 11 0 1 2 3 4 5 9 10 11 0 1 2 3 4 5 9 10 11 0 1 2 3 4 5 9 10 11 0 1 2 3 4 5 12 13 14 0 1 2 3 4 5 12 13 14 0 1 2 3 4 5 12 13 14 0 1 2 3 4 5 12 13 14 0 1 2 3 4 5 15 16 17 0 1 2 3 4 5 15 16 17 0 1 2 3 4 5 15 16 17 0 1 2 3 4 5 15 16 17

M: inertia matrix
--------------------
 x                  |
 xx                 |
 xxx                |
 xxxx               |
 xxxxx              |
 xxxxxx             |
 xxxxxxx            |
 xxxxxxxx           |
 xxxxxxxxx          |
 xxxxxx   x         |
 xxxxxx   xx        |
 xxxxxx   xxx       |
 xxxxxx      x      |
 xxxxxx      xx     |
 xxxxxx      xxx    |
 xxxxxx         x   |
 xxxxxx         xx  |
 xxxxxx         xxx |
--------------------

M_rownnz              1 2 3 4 5 6 7 8 9 7 8 9 7 8 9 7 8 9

M_rowadr              0 1 3 6 10 15 21 28 36 45 52 60 69 76 84 93 100 108

M_colind              0 0 1 0 1 2 0 1 2 3 0 1 2 3 4 0 1 2 3 4 5 0 1 2 3 4 5 6 0 1 2 3 4 5 6 7 0 1 2 3 4 5 6 7 8 0 1 2 3 4 5 9 0 1 2 3 4 5 9 10 0 1 2 3 4 5 9 10 11 0 1 2 3 4 5 12 0 1 2 3 4 5 12 13 0 1 2 3 4 5 12 13 14 0 1 2 3 4 5 15 0 1 2 3 4 5 15 16 0 1 2 3 4 5 15 16 17

mapM2M                0 2 1 5 4 3 9 8 7 6 14 13 12 11 10 20 19 18 17 16 15 27 26 25 24 23 22 21 35 34 33 32 31 30 29 28 44 43 42 41 40 39 38 37 36 51 50 49 48 47 46 45 59 58 57 56 55 54 53 52 68 67 66 65 64 63 62 61 60 75 74 73 72 71 70 69 83 82 81 80 79 78 77 76 92 91 90 89 88 87 86 85 84 99 98 97 96 95 94 93 107 106 105 104 103 102 101 100 116 115 114 113 112 111 110 109 108

C: reduced dof-dof matrix
--------------------
 x                  |
 xx                 |
 xxx                |
 xxxx               |
 xxxxx              |
 xxxxxx             |
 xxxxxxx            |
 xxxxxxxx           |
 xxxxxxxxx          |
 xxxxxx   x         |
 xxxxxx   xx        |
 xxxxxx   xxx       |
 xxxxxx      x      |
 xxxxxx      xx     |
 xxxxxx      xxx    |
 xxxxxx         x   |
 xxxxxx         xx  |
 xxxxxx         xxx |
--------------------

C_rownnz              1 2 3 4 5 6 7 8 9 7 8 9 7 8 9 7 8 9

C_rowadr              0 1 3 6 10 15 21 28 36 45 52 60 69 76 84 93 100 108

C_colind              0 0 1 0 1 2 0 1 2 3 0 1 2 3 4 0 1 2 3 4 5 0 1 2 3 4 5 6 0 1 2 3 4 5 6 7 0 1 2 3 4 5 6 7 8 0 1 2 3 4 5 9 0 1 2 3 4 5 9 10 0 1 2 3 4 5 9 10 11 0 1 2 3 4 5 12 0 1 2 3 4 5 12 13 0 1 2 3 4 5 12 13 14 0 1 2 3 4 5 15 0 1 2 3 4 5 15 16 0 1 2 3 4 5 15 16 17

mapM2C                0 2 1 5 4 3 9 8 7 6 14 13 12 11 10 20 19 18 17 16 15 27 26 25 24 23 22 21 35 34 33 32 31 30 29 28 44 43 42 41 40 39 38 37 36 51 50 49 48 47 46 45 59 58 57 56 55 54 53 52 68 67 66 65 64 63 62 61 60 75 74 73 72 71 70 69 83 82 81 80 79 78 77 76 92 91 90 89 88 87 86 85 84 99 98 97 96 95 94 93 107 106 105 104 103 102 101 100 116 115 114 113 112 111 110 109 108

D: dof-dof matrix
--------------------
 Dxxxxxxxxxxxxxxxxx |
 xDxxxxxxxxxxxxxxxx |
 xxDxxxxxxxxxxxxxxx |
 xxxDxxxxxxxxxxxxxx |
 xxxxDxxxxxxxxxxxxx |
 xxxxxDxxxxxxxxxxxx |
 xxxxxxDxx          |
 xxxxxxxDx          |
 xxxxxxxxD          |
 xxxxxx   Dxx       |
 xxxxxx   xDx       |
 xxxxxx   xxD       |
 xxxxxx      Dxx    |
 xxxxxx      xDx    |
 xxxxxx      xxD    |
 xxxxxx         Dxx |
 xxxxxx         xDx |
 xxxxxx         xxD |
--------------------

D_rownnz              18 18 18 18 18 18 9 9 9 9 9 9 9 9 9 9 9 9

D_rowadr              0 18 36 54 72 90 108 117 126 135 144 153 162 171 180 189 198 207

D_colind              0 1 2 3 4 5 6 7 8 9 10 11 12 13 14 15 16 17 0 1 2 3 4 5 6 7 8 9 10 11 12 13 14 15 16 17 0 1 2 3 4 5 6 7 8 9 10 11 12 13 14 15 16 17 0 1 2 3 4 5 6 7 8 9 10 11 12 13 14 15 16 17 0 1 2 3 4 5 6 7 8 9 10 11 12 13 14 15 16 17 0 1 2 3 4 5 6 7 8 9 10 11 12 13 14 15 16 17 0 1 2 3 4 5 6 7 8 0 1 2 3 4 5 6 7 8 0 1 2 3 4 5 6 7 8 0 1 2 3 4 5 9 10 11 0 1 2 3 4 5 9 10 11 0 1 2 3 4 5 9 10 11 0 1 2 3 4 5 12 13 14 0 1 2 3 4 5 12 13 14 0 1 2 3 4 5 12 13 14 0 1 2 3 4 5 15 16 17 0 1 2 3 4 5 15 16 17 0 1 2 3 4 5 15 16 17

mapM2D                0 2 5 9 14 20 27 35 44 51 59 68 75 83 92 99 107 116 2 1 4 8 13 19 26 34 43 50 58 67 74 82 91 98 106 115 5 4 3 7 12 18 25 33 42 49 57 66 73 81 90 97 105 114 9 8 7 6 11 17 24 32 41 48 56 65 72 80 89 96 104 113 14 13 12 11 10 16 23 31 40 47 55 64 71 79 88 95 103 112 20 19 18 17 16 15 22 30 39 46 54 63 70 78 87 94 102 111 27 26 25 24 23 22 21 29 38 35 34 33 32 31 30 29 28 37 44 43 42 41 40 39 38 37 36 51 50 49 48 47 46 45 53 62 59 58 57 56 55 54 53 52 61 68 67 66 65 64 63 62 61 60 75 74 73 72 71 70 69 77 86 83 82 81 80 79 78 77 76 85 92 91 90 89 88 87 86 85 84 99 98 97 96 95 94 93 101 110 107 106 105 104 103 102 101 100 109 116 115 114 113 112 111 110 109 108

mapD2M                0 19 18 38 37 36 57 56 55 54 76 75 74 73 72 95 94 93 92 91 90 114 113 112 111 110 109 108 124 123 122 121 120 119 118 117 134 133 132 131 130 129 128 127 126 141 140 139 138 137 136 135 151 150 149 148 147 146 145 144 161 160 159 158 157 156 155 154 153 168 167 166 165 164 163 162 178 177 176 175 174 173 172 171 188 187 186 185 184 183 182 181 180 195 194 193 192 191 190 189 205 204 203 202 201 200 199 198 215 214 213 212 211 210 209 208 207

CONTACT
  0:
     dim           3
     geoms         floor : 111
     exclude       0
     efc_address   20
     solref         0.02      1       
     solimp         0.9       0.95      0.001     0.5       2       
     dist           0.0008  
     includemargin  0.001   
     pos           -0.14      0.43      0.0004  
     frame          0         0         1         0         1         0        -1         0         0       
     friction       1         1         0.005     0.0001    0.0001  
     mu             0.1     
  1:
     dim           3
     geoms         floor : 116
     exclude       0
     efc_address   23
     solref         0.02      1       
     solimp         0.9       0.95      0.001     0.5       2       
     dist           0.0007  
     includemargin  0.001   
     pos           -0.54      0.45      0.00035 
     frame          0         0         1         0         1         0        -1         0         0       
     friction       1         1         0.005     0.0001    0.0001  
     mu             0.1     
  2:
     dim           6
     geoms         floor : FR
     exclude       0
     efc_address   26
     solref         0.02      1       
     solimp         0.9       0.95      0.001     0.5       2       
     dist           0.00041 
     includemargin  0.001   
     pos           -0.45      0.85      0.0002  
     frame          0         0         1         0         1         0        -1         0         0       
     friction       0.9       0.9       0.02      0.01      0.01    
     mu             0.09    
  3:
     dim           6
     geoms         floor : RL
     exclude       0
     efc_address   32
     solref         0.02      1       
     solimp         0.9       0.95      0.001     0.5       2       
     dist           0.00045 
     includemargin  0.001   
     pos           -0.54      0.23      0.00023 
     frame          0         0         1         0         1         0        -1         0         0       
     friction       0.9       0.9       0.02      0.01      0.01    
     mu             0.09    

EFC_TYPE
  1
  1
  1
  1
  1
  1
  1
  1
  1
  1
  1
  1
  3
  3
  3
  3
  3
  3
  3
  3
  7
  7
  7
  7
  7
  7
  7
  7
  7
  7
  7
  7
  7
  7
  7
  7
  7
  7

EFC_ID
  6
  7
  8
  9
  10
  11
  12
  13
  14
  15
  16
  17
  2
  3
  4
  8
  9
  10
  11
  12
  0
  0
  0
  1
  1
  1
  2
  2
  2
  2
  2
  2
  3
  3
  3
  3
  3
  3

EFC_J
   0         0         0         0         0         0         1         0         0         0         0         0         0         0         0         0         0         0       
   0         0         0         0         0         0         0         1         0         0         0         0         0         0         0         0         0         0       
   0         0         0         0         0         0         0         0         1         0         0         0         0         0         0         0         0         0       
   0         0         0         0         0         0         0         0         0         1         0         0         0         0         0         0         0         0       
   0         0         0         0         0         0         0         0         0         0         1         0         0         0         0         0         0         0       
   0         0         0         0         0         0         0         0         0         0         0         1         0         0         0         0         0         0       
   0         0         0         0         0         0         0         0         0         0         0         0         1         0         0         0         0         0       
   0         0         0         0         0         0         0         0         0         0         0         0         0         1         0         0         0         0       
   0         0         0         0         0         0         0         0         0         0         0         0         0         0         1         0         0         0       
   0         0         0         0         0         0         0         0         0         0         0         0         0         0         0         1         0         0       
   0         0         0         0         0         0         0         0         0         0         0         0         0         0         0         0         1         0       
   0         0         0         0         0         0         0         0         0         0         0         0         0         0         0         0         0         1       
   0         0         0         0         0         0         0         1         0         0         0         0         0         0         0         0         0         0       
   0         0         0         0         0         0         0         0         1         0         0         0         0         0         0         0         0         0       
   0         0         0         0         0         0         0         0         0         1         0         0         0         0         0         0         0         0       
   0         0         0         0         0         0         0         0         0         0         0         0         0         1         0         0         0         0       
   0         0         0         0         0         0         0         0         0         0         0         0         0         0        -1         0         0         0       
   0         0         0         0         0         0         0         0         0         0         0         0         0         0         0         1         0         0       
   0         0         0         0         0         0         0         0         0         0         0         0         0         0         0         0        -1         0       
   0         0         0         0         0         0         0         0         0         0         0         0         0         0         0         0         0        -1       
   0         0         1        -0.041     0.18     -0.012     0         0         0         0         0         0         0         0         0         0         0         0       
   0         1         0        -0.056    -0.011     0.19      0         0         0         0         0         0         0         0         0         0         0         0       
  -1         0         0         0.025    -0.078    -0.019     0         0         0         0         0         0         0         0         0         0         0         0       
   0         0         1         0.075    -0.2       0.0095    0.029     0         0         0         0         0         0         0         0         0         0         0       
   0         1         0        -0.099    -0.046    -0.2      -0.1       0         0         0         0         0         0         0         0         0         0         0       
  -1         0         0         0.027    -0.077    -0.00016   0.033     0         0         0         0         0         0         0         0         0         0         0       
   0         0         1        -0.33     -0.24      0.058     0         0         0        -0.28     -0.057    -0.12      0         0         0         0         0         0       
   0         1         0        -0.089    -0.038    -0.11      0         0         0        -0.087    -0.063     0.099     0         0         0         0         0         0       
  -1         0         0         0.07     -0.041     0.39      0         0         0         0.064    -0.28     -0.16      0         0         0         0         0         0       
   0         0         0         0.11      0.089     0.99      0         0         0         0.11     -0.81     -0.81      0         0         0         0         0         0       
   0         0         0         0.34     -0.94      0.048     0         0         0         0.34     -0.51     -0.51      0         0         0         0         0         0       
   0         0         0         0.93      0.33     -0.13      0         0         0         0.93      0.28      0.28      0         0         0         0         0         0       
   0         0         1         0.28     -0.13     -0.019     0         0         0         0         0         0         0.24     -0.23     -0.14      0         0         0       
   0         1         0        -0.1      -0.047    -0.2       0         0         0         0         0         0        -0.1      -0.3      -0.16      0         0         0       
  -1         0         0         0.0036   -0.097    -0.22      0         0         0         0         0         0         0.0097   -0.13      0.0094    0         0         0       
   0         0         0         0.11      0.089     0.99      0         0         0         0         0         0         0.11      0.76      0.76      0         0         0       
   0         0         0         0.34     -0.94      0.048     0         0         0         0         0         0         0.34     -0.64     -0.64      0         0         0       
   0         0         0         0.93      0.33     -0.13      0         0         0         0         0         0         0.93      0.14      0.14      0         0         0       

EFC_POS
   0       
   0       
   0       
   0       
   0       
   0       
   0       
   0       
   0       
   0       
   0       
   0       
  -0.00048 
  -0.0023  
  -0.0019  
  -0.00092 
  -0.0068  
  -0.003   
  -0.0032  
  -0.037   
   0.0008  
   0       
   0       
   0.0007  
   0       
   0       
   0.00041 
   0       
   0       
   0       
   0       
   0       
   0.00045 
   0       
   0       
   0       
   0       
   0       

EFC_MARGIN
   0       
   0       
   0       
   0       
   0       
   0       
   0       
   0       
   0       
   0       
   0       
   0       
   0       
   0       
   0       
   0       
   0       
   0       
   0       
   0       
   0.001   
   0       
   0       
   0.001   
   0       
   0       
   0.001   
   0       
   0       
   0       
   0       
   0       
   0.001   
   0       
   0       
   0       
   0       
   0       

EFC_FRICTIONLOSS
   0.2     
   0.2     
   0.2     
   0.2     
   0.2     
   0.2     
   0.2     
   0.2     
   0.2     
   0.2     
   0.2     
   0.2     
   0       
   0       
   0       
   0       
   0       
   0       
   0       
   0       
   0       
   0       
   0       
   0       
   0       
   0       
   0       
   0       
   0       
   0       
   0       
   0       
   0       
   0       
   0       
   0       
   0       
   0       

EFC_DIAGAPPROX
   29      
   29      
   80      
   29      
   29      
   80      
   29      
   29      
   80      
   29      
   29      
   80      
   29      
   80      
   29      
   29      
   80      
   29      
   29      
   80      
   0.071   
   0.00071 
   0.00071 
   0.13    
   0.0013  
   0.0013  
   1.8     
   0.018   
   0.018   
   36      
   1.4e+02 
   1.4e+02 
   1.8     
   0.018   
   0.018   
   36      
   1.4e+02 
   1.4e+02 

EFC_KBIP
   0         1.1e+02   0.9       0       
   0         1.1e+02   0.9       0       
   0         1.1e+02   0.9       0       
   0         1.1e+02   0.9       0       
   0         1.1e+02   0.9       0       
   0         1.1e+02   0.9       0       
   0         1.1e+02   0.9       0       
   0         1.1e+02   0.9       0       
   0         1.1e+02   0.9       0       
   0         1.1e+02   0.9       0       
   0         1.1e+02   0.9       0       
   0         1.1e+02   0.9       0       
   2.8e+03   1.1e+02   0.92     -96      
   2.8e+03   1.1e+02   0.95      0       
   2.8e+03   1.1e+02   0.95      0       
   2.8e+03   1.1e+02   0.95     -16      
   2.8e+03   1.1e+02   0.95      0       
   2.8e+03   1.1e+02   0.95      0       
   2.8e+03   1.1e+02   0.95      0       
   2.8e+03   1.1e+02   0.95      0       
   2.8e+03   1.1e+02   0.9      -41      
   0         1.1e+02   0.9      -41      
   0         1.1e+02   0.9      -41      
   2.8e+03   1.1e+02   0.91     -60      
   0         1.1e+02   0.91     -60      
   0         1.1e+02   0.91     -60      
   2.8e+03   1.1e+02   0.93     -81      
   0         1.1e+02   0.93     -81      
   0         1.1e+02   0.93     -81      
   0         1.1e+02   0.93     -81      
   0         1.1e+02   0.93     -81      
   0         1.1e+02   0.93     -81      
   2.8e+03   1.1e+02   0.93     -91      
   0         1.1e+02   0.93     -91      
   0         1.1e+02   0.93     -91      
   0         1.1e+02   0.93     -91      
   0         1.1e+02   0.93     -91      
   0         1.1e+02   0.93     -91      

EFC_D
   0.31    
   0.32    
   0.11    
   0.31    
   0.32    
   0.11    
   0.31    
   0.31    
   0.11    
   0.31    
   0.31    
   0.11    
   0.42    
   0.24    
   0.66    
   0.65    
   0.24    
   0.66    
   0.66    
   0.24    
   1.3e+02 
   1.3e+04 
   1.3e+04 
   76      
   7.6e+03 
   7.6e+03 
   7.9     
   7.9e+02 
   7.9e+02 
   0.39    
   0.098   
   0.098   
   7.4     
   7.4e+02 
   7.4e+02 
   0.37    
   0.092   
   0.092   

EFC_R
   3.2     
   3.2     
   8.9     
   3.2     
   3.2     
   8.9     
   3.2     
   3.2     
   8.9     
   3.2     
   3.2     
   8.9     
   2.4     
   4.2     
   1.5     
   1.5     
   4.2     
   1.5     
   1.5     
   4.2     
   0.0075  
   7.5e-05 
   7.5e-05 
   0.013   
   0.00013 
   0.00013 
   0.13    
   0.0013  
   0.0013  
   2.5     
   10      
   10      
   0.13    
   0.0013  
   0.0013  
   2.7     
   11      
   11      

ACTUATOR_VELOCITY
  -5.2e-07 
  -0.00039 
   0.00017 
   0.00063 
   1.4e-07 
  -2.2e-07 
  -2.6e-08 
  -1.2e-08 
   6.9e-09 
   0.00011 
   3.7e-06 
   6.6e-06 

CVEL
   0         0         0         0         0         0       
   2.8e-05  -4.8e-05  -0.00014   7.7e-06   2.5e-05  -9.1e-06 
  -0.00056   0.00017  -7.4e-05   5e-06     2.6e-05  -3.6e-05 
  -0.00056   0.00017  -7.4e-05   5e-06     2.6e-05  -3.6e-05 
  -0.00056   0.00017  -7.4e-05   5e-06     2.6e-05  -3.6e-05 
  -0.00056   0.00017  -7.4e-05   5e-06     2.6e-05  -3.6e-05 
   2.8e-05  -4.8e-05  -0.00014   7.7e-06   2.5e-05  -9.1e-06 
   0.00014   0.00015   0.00018   3.9e-05   7.2e-05  -4.9e-05 
   9.1e-05   6.6e-05   4e-05     4.2e-06   7.9e-05  -4.2e-05 
   9.1e-05   6.6e-05   4e-05     4.2e-06   7.9e-05  -4.2e-05 
  -7.8e-05  -9.5e-06  -0.00013   7.2e-06   2.5e-05  -1.4e-05 
  -7.8e-05  -1.2e-05  -0.00013   6.9e-06   2.5e-05  -1.4e-05 
  -7.9e-05  -1.6e-05  -0.00012   5.3e-06   2.5e-05  -1.5e-05 
  -7.9e-05  -1.6e-05  -0.00012   5.3e-06   2.5e-05  -1.5e-05 
   2.8e-05  -4.8e-05  -0.00014   7.7e-06   2.5e-05  -9.1e-06 
   2.8e-05  -4.8e-05  -0.00014   7.7e-06   2.5e-05  -9.1e-06 
   2.8e-05  -4.8e-05  -0.00014   7.7e-06   2.5e-05  -9.1e-06 
   2.8e-05  -4.8e-05  -0.00014   7.7e-06   2.5e-05  -9.1e-06 

CDOF_DOT
   0         0         0         0         0         0       
   0         0         0         0         0         0       
   0         0         0         0         0         0       
   0        -0         0         5.1e-06   6.8e-06   2.3e-05 
   0        -0         0        -5.7e-06   2e-06     3.1e-07 
   0         0         0         2.2e-05  -8.4e-06  -2.5e-06 
   4.3e-05   0.00013  -3.5e-05   8.1e-06   9.5e-06   2.6e-05 
  -0.00017  -0.0004    0.00037  -3.3e-05   7.3e-05   8.2e-05 
  -0.00017  -0.0004    0.00037  -2.2e-05   0.00015   0.00018 
   4.3e-05   0.00013  -3.5e-05   4.3e-06   5.2e-06   2.6e-05 
  -3.3e-05   6.2e-05  -2.8e-05  -4.7e-05   1.7e-05  -4.1e-06 
  -3.3e-05   6.2e-05  -2.8e-05  -8.5e-05   2.8e-06   3.7e-05 
   4.3e-05   0.00013  -3.5e-05   8.1e-06   9.5e-06   2.6e-05 
  -8.9e-05   7.7e-05   4.8e-05  -6.5e-06  -9e-07     8.8e-06 
  -8.9e-05   7.7e-05   4.8e-05   9.8e-06   2.3e-05  -3.4e-06 
   4.3e-05   0.00013  -3.5e-05   4.3e-06   5.2e-06   2.6e-05 
  -3.3e-05   6.2e-05  -2.7e-05   7.2e-06   1.1e-05   8.5e-06 
  -3.3e-05   6.2e-05  -2.7e-05  -2.4e-05   9.9e-06   2.9e-06 

QFRC_BIAS
  -3.6e-10 
   2.8e-08 
   1.5e+02 
   0.53    
  -3.4     
   0.25    
   0.74    
  -0.35    
   0.21    
  -1.3     
   0.075   
  -0.19    
   1.3     
  -0.56    
  -0.22    
  -0.29    
  -0.55    
  -0.07    

QFRC_SPRING
   0       
   0       
   0       
   0       
   0       
   0       
   0       
   0       
   0       
   0       
   0       
   0       
   0       
   0       
   0       
   0       
   0       
   0       

QFRC_DAMPER
   0       
   0       
   0       
   0       
   0       
   0       
  -6.3e-05 
  -1.4e-08 
   2.2e-08 
   5.2e-08 
   3.9e-05 
  -1.7e-05 
  -1.1e-05 
  -3.7e-07 
  -6.6e-07 
   2.6e-09 
   1.2e-09 
  -6.9e-10 

QFRC_GRAVCOMP
   0       
   0       
   0       
   0       
   0       
   0       
   0       
   0       
   0       
   0       
   0       
   0       
   0       
   0       
   0       
   0       
   0       
   0       

QFRC_FLUID
   0       
   0       
   0       
   0       
   0       
   0       
   0       
   0       
   0       
   0       
   0       
   0       
   0       
   0       
   0       
   0       
   0       
   0       

QFRC_PASSIVE
   0       
   0       
   0       
   0       
   0       
   0       
  -6.3e-05 
  -1.4e-08 
   2.2e-08 
   5.2e-08 
   3.9e-05 
  -1.7e-05 
  -1.1e-05 
  -3.7e-07 
  -6.6e-07 
   2.6e-09 
   1.2e-09 
  -6.9e-10 

EFC_VEL
   0.00063 
   1.4e-07 
  -2.2e-07 
  -5.2e-07 
  -0.00039 
   0.00017 
   0.00011 
   3.7e-06 
   6.6e-06 
  -2.6e-08 
  -1.2e-08 
   6.9e-09 
   1.4e-07 
  -2.2e-07 
  -5.2e-07 
   3.7e-06 
  -6.6e-06 
  -2.6e-08 
   1.2e-08 
  -6.9e-09 
  -9.7e-09 
  -1.8e-06 
  -8.1e-06 
  -7.3e-09 
  -9.5e-06 
   1e-05   
  -6e-08   
   8.3e-05 
   1.7e-05 
   4e-05   
   6.6e-05 
  -9.1e-05 
   2.2e-07 
   4.1e-05 
   2.1e-05 
  -0.00012 
  -1.6e-05 
   7.9e-05 

EFC_AREF
  -0.066   
  -1.5e-05 
   2.3e-05 
   5.5e-05 
   0.042   
  -0.018   
  -0.012   
  -0.00039 
  -0.00069 
   2.7e-06 
   1.2e-06 
  -7.2e-07 
   1.2     
   6.1     
   4.9     
   2.4     
   18      
   7.9     
   8.5     
   97      
   0.51    
   0.00019 
   0.00085 
   0.76    
   0.001   
  -0.0011  
   1.5     
  -0.0087  
  -0.0018  
  -0.0043  
  -0.0069  
   0.0095  
   1.4     
  -0.0043  
  -0.0022  
   0.013   
   0.0017  
  -0.0083  

SUBTREE_LINVEL
   0         0         0       
   0         0         0       
   0         0         0       
   0         0         0       
   0         0         0       
   0         0         0       
   0         0         0       
   0         0         0       
   0         0         0       
   0         0         0       
   0         0         0       
   0         0         0       
   0         0         0       
   0         0         0       
   0         0         0       
   0         0         0       
   0         0         0       
   0         0         0       

SUBTREE_ANGMOM
   0         0         0       
   0         0         0       
   0         0         0       
   0         0         0       
   0         0         0       
   0         0         0       
   0         0         0       
   0         0         0       
   0         0         0       
   0         0         0       
   0         0         0       
   0         0         0       
   0         0         0       
   0         0         0       
   0         0         0       
   0         0         0       
   0         0         0       
   0         0         0       

ACTUATOR_FORCE
  -1.6     
  -0.088   
   1.7     
   0.11    
  -0.87    
  -1.2     
  -5.5     
   5.1     
   23      
  -1.5     
  -0.95    
   5       

QFRC_ACTUATOR
   0       
   0       
   0       
   0       
   0       
   0       
   0.11    
  -0.87    
  -1.2     
  -1.6     
  -0.088   
   1.7     
  -1.5     
  -0.95    
   5       
  -5.5     
   5.1     
   23      

QFRC_SMOOTH
   3.6e-10 
  -2.8e-08 
  -1.5e+02 
  -0.53    
   3.4     
  -0.25    
  -0.63    
  -0.52    
  -1.4     
  -0.36    
  -0.16    
   1.9     
  -2.8     
  -0.39    
   5.2     
  -5.2     
   5.6     
   23      

QACC_SMOOTH
   3.2     
   0.98    
  -11      
   79      
  -21      
   17      
  -62      
  -10      
  -88      
  -1.1e+02 
  -16      
   1.2e+02 
  -99      
  -1.3e+02 
   3.9e+02 
  -2.9e+02 
  -2.4e+02 
   1.6e+03 

EFC_B
  -62      
  -10      
  -88      
  -1.1e+02 
  -16      
   1.2e+02 
  -99      
  -1.3e+02 
   3.9e+02 
  -2.9e+02 
  -2.4e+02 
   1.6e+03 
  -11      
  -94      
  -1.2e+02 
  -1.3e+02 
  -4.1e+02 
  -3e+02   
   2.4e+02 
  -1.7e+03 
  -19      
   0.067   
   0.16    
  -3       
  -3       
  -1.4     
  -13      
   16      
  -12      
  -74      
  -44      
  -12      
  -36      
  -25      
   15      
   2.1e+02 
  -1.5e+02 
   9.7     

EFC_FORCE
  -0.021   
  -4.6e-06 
   2.6e-06 
   1.7e-05 
   0.013   
  -0.002   
  -0.0037  
  -0.00012 
  -7.8e-05 
   8.6e-07 
   3.8e-07 
  -8.2e-08 
   0.52    
   1.4     
   3.3     
   1.6     
   4.3     
   5.2     
   5.6     
   23      
   68      
   2.6     
   11      
   58      
   7.6     
  -8.2     
   12      
  -6.9     
  -1.5     
  -0.0017  
  -0.00068 
   0.00093 
   10      
  -3.2     
  -1.6     
   0.0047  
   0.00015 
  -0.00076 

EFC_STATE
  1
  1
  1
  1
  1
  1
  1
  1
  1
  1
  1
  1
  1
  1
  1
  1
  1
  1
  1
  1
  1
  1
  1
  1
  1
  1
  1
  1
  1
  1
  1
  1
  1
  1
  1
  1
  1
  1

QFRC_CONSTRAINT
   3.8e-07 
   2.3e-06 
   1.5e+02 
   0.53    
  -3.4     
   0.25    
   0.63    
   0.52    
   1.4     
   0.36    
   0.16    
  -1.9     
   2.8     
   0.39    
  -5.2     
   5.2     
  -5.6     
  -23      

QFRC_INVERSE
   0       
   0       
   0       
   0       
   0       
   0       
   0       
   0       
   0       
   0       
   0       
   0       
   0       
   0       
   0       
   0       
   0       
   0       

CACC
   0         0         0        -0        -0         9.8     
  -4e-07    -2.9e-07  -6.4e-07   2.8e-08   1.7e-07   9.8     
  -3.1e-06   7.8e-07  -3.5e-07   2.1e-08   1.8e-07   9.8     
  -3.1e-06   7.7e-07  -3.6e-07   2.1e-08   1.8e-07   9.8     
  -3.1e-06   7.8e-07  -3.5e-07   2.1e-08   1.8e-07   9.8     
  -3.1e-06   7.8e-07  -3.5e-07   2.1e-08   1.8e-07   9.8     
  -4e-07    -2.9e-07  -6.4e-07   2.8e-08   1.7e-07   9.8     
  -3.7e-07  -2.9e-07  -6e-07     5e-08     1.7e-07   9.8     
   1.9e-07   7.6e-07   1.1e-06   4.6e-07   8e-08     9.8     
   1.9e-07   7.6e-07   1.1e-06   4.6e-07   8e-08     9.8     
  -5.4e-07  -2.2e-07  -6.3e-07   2.8e-08   1.7e-07   9.8     
  -5.4e-07  -2.1e-07  -6.4e-07   2.9e-08   1.7e-07   9.8     
  -5.4e-07  -2.3e-07  -6.2e-07   2.2e-08   1.7e-07   9.8     
  -5.4e-07  -2.3e-07  -6.2e-07   2.2e-08   1.7e-07   9.8     
  -4e-07    -2.9e-07  -6.4e-07   2.8e-08   1.7e-07   9.8     
  -4e-07    -2.9e-07  -6.4e-07   2.8e-08   1.7e-07   9.8     
  -4e-07    -2.9e-07  -6.4e-07   2.8e-08   1.7e-07   9.8     
  -4e-07    -2.9e-07  -6.4e-07   2.8e-08   1.7e-07   9.8     

CFRC_INT
  -7.8e-16  -5.3e-15   1.8e-15   7.1e-15  -8e-15     2.1e-14 
  -7.8e-16  -5.3e-15   1.8e-15   7.1e-15  -8e-15     2.1e-14 
  -0.31     -5.8       1.4      -8.2      -7.6      -38      
  -0.23      3.2      -5.8e-08  -9.1e-09   2.4e-07   14      
  -0.11      0.68     -1.8e-08   8.4e-10   6.4e-08   2.4     
   0         0         0         0         0         0       
  -0.93      1        -0.12     -1.5       6.9       8.1     
  -1.6       0.13     -0.12     -1.5       6.9       1.5     
  -3.3      -0.94     -0.12     -1.5       6.9      -9.8     
   0         0         0         0         0         0       
  -0.64     -4.6      -1        -1.6       3.2       9.9     
   0.12     -3.4      -1        -1.6       3.2       3.2     
   2.1      -1.6      -1        -1.6       3.2      -8.1     
   0         0         0         0         0         0       
   0.059    -3.6       4.3e-09   4.5e-08   1.3e-07   20      
   0.22     -2.2       1.9e-09   3.1e-08   1.2e-07   14      
  -0.013     0.13     -4.7e-09  -4.5e-09   6.5e-08   2.4     
   0         0         0         0         0         0       

CFRC_EXT
   0         0         0         0         0         0       
  -1.6      -13        0.22     -11        2.6       68      
   0.17      10       -1.4       8.2       7.6       58      
   0         0         0         0         0         0       
   0         0         0         0         0         0       
   0         0         0         0         0         0       
   0         0         0         0         0         0       
   0         0         0         0         0         0       
   4.1       1.1       0.12      1.5      -6.9       12      
   0         0         0         0         0         0       
   0         0         0         0         0         0       
   0         0         0         0         0         0       
  -2.7       1.9       1         1.6      -3.2       10      
   0         0         0         0         0         0       
   0         0         0         0         0         0       
   0         0         0         0         0         0       
   0         0         0         0         0         0       
   0         0         0         0         0         0       

